<<<<<<< HEAD
3,2
3,1
3,3
10,208
10,102
10,284
10,78
10,80
10,196
10,194
10,1
10,100
10,2
10,3
11,22
11,10
11,12
11,20
11,28
11,1
11,26
11,2
11,3
9,7
9,4
9,1
9,6
9,2
9,3
8,9
8,14
8,6
8,16
8,8
8,15
8,1
8,13
8,2
8,3
12,2
12,1
12,3
20,2
20,1
20,3
19,2
19,1
19,3
18,1
18,3
=======
1,37
1,36
1,35
0,313
>>>>>>> b9743c39015e8e91962e2bcc9896317aa1b95687
21,3
21,2
21,1
21,0
<<<<<<< HEAD
7,13
7,12
7,11
7,10
14,1
7,9
14,3
13,1
13,3
7,8
7,7
7,6
7,1
7,5
7,4
6,7
6,6
6,5
6,1
6,4
=======
6,7
6,6
0,312
6,5
6,4
7,13
0,311
7,12
7,7
7,11
7,10
7,8
7,9
7,4
7,6
7,5
>>>>>>> b9743c39015e8e91962e2bcc9896317aa1b95687
4,88
4,87
4,86
4,85
4,84
4,83
4,82
<<<<<<< HEAD
=======
4,81
4,80
4,79
4,78
4,77
4,76
4,75
4,74
4,73
4,72
4,71
4,70
4,69
4,40
4,25
4,39
4,26
4,68
4,67
4,66
4,65
4,64
4,38
4,37
4,36
4,35
4,34
4,33
4,32
4,31
4,30
4,29
4,28
4,27
4,4
4,24
4,23
4,22
4,21
4,20
4,19
4,18
4,17
4,16
4,15
4,14
4,13
4,12
4,11
4,10
4,9
4,8
4,7
4,6
4,5
>>>>>>> b9743c39015e8e91962e2bcc9896317aa1b95687
